Stage 1
0.728853	0.000000	0.072885	0.000000	0.000000	0.947509
0.000000	7.983509	0.088527	0.798351	0.000000	19.426003
0.943008	0.000000	9.430081	0.000000	0.000000	29.233252
0.683716	0.000000	0.000000	7.359328	0.000000	30.121029
0.000000	0.000000	0.000000	0.000000	8.234500	41.172500
Stage 2					
0.728853	0.000000	0.072885	0.000000	0.000000	0.947509
0.000000	7.983509	0.088527	0.798351	0.000000	19.426003
0.000000	0.000000	9.335781	0.000000	0.000000	28.007342
0.000000	0.000000	-0.068372	7.359328	0.000000	29.232199
0.000000	0.000000	0.000000	0.000000	8.234500	41.172500
Stage 3				
0.728853	0.000000	0.072885	0.000000	0.000000	0.947509
0.000000	7.983509	0.000000	0.798351	0.000000	19.160421
0.000000	0.000000	9.335781	0.000000	0.000000	28.007342
0.000000	0.000000	0.000000	7.359328	0.000000	29.437313
0.000000	0.000000	0.000000	0.000000	8.234500	41.172500
Stage 4					
0.728853	0.000000	0.072885	0.000000	0.000000	0.947509
0.000000	7.983509	0.000000	0.000000	0.000000	15.967017
0.000000	0.000000	9.335781	0.000000	0.000000	28.007342
0.000000	0.000000	0.000000	7.359328	0.000000	29.437313
0.000000	0.000000	0.000000	0.000000	8.234500	41.172500
Stage 5					
0.728853	0.000000	0.072885	0.000000	0.000000	0.947509
0.000000	7.983509	0.000000	0.000000	0.000000	15.967017
0.000000	0.000000	9.335781	0.000000	0.000000	28.007342
0.000000	0.000000	0.000000	7.359328	0.000000	29.437313
0.000000	0.000000	0.000000	0.000000	8.234500	41.172500
Order of elimination					
5	1	3	4	2	
Solution					
1.000000
2.000000
3.000000
4.000000
5.000000
